# DESCRIPTION: Verilator output: Timestamp data for --skip-identical.  Delete at will.
C "-cc FPU.sv --top-module FPU"
S  15507848   135229  1733255555   586052510  1733255555   586052510 "/usr/local/bin/verilator_bin"
S      5218   135395  1733255555   737248712  1733255555   737248712 "/usr/local/share/verilator/include/verilated_std.sv"
S    157744    64365  1733388008   370244988  1733388008   370244988 "FPU.sv"
T      8840   150538  1733388031   344507665  1733388031   344507665 "obj_dir/VFPU.cpp"
T      7088   150537  1733388031   344507665  1733388031   344507665 "obj_dir/VFPU.h"
T      1779   150589  1733388031   564507660  1733388031   564507660 "obj_dir/VFPU.mk"
T      8047   150541  1733388031   344507665  1733388031   344507665 "obj_dir/VFPU_PE_top__N80_NB4.h"
T      3212   150560  1733388031   432507663  1733388031   432507663 "obj_dir/VFPU_PE_top__N80_NB4__DepSet_h18a44aa7__0.cpp"
T    786620   150557  1733388031   432507663  1733388031   432507663 "obj_dir/VFPU_PE_top__N80_NB4__DepSet_h5af85364__0.cpp"
T    262388   150558  1733388031   432507663  1733388031   432507663 "obj_dir/VFPU_PE_top__N80_NB4__DepSet_h5af85364__1.cpp"
T      2083   150559  1733388031   432507663  1733388031   432507663 "obj_dir/VFPU_PE_top__N80_NB4__DepSet_h9525ee99__0.cpp"
T     10012   150554  1733388031   388507664  1733388031   388507664 "obj_dir/VFPU_PE_top__N80_NB4__DepSet_hc3279035__0__Slow.cpp"
T     45044   150556  1733388031   399507664  1733388031   399507664 "obj_dir/VFPU_PE_top__N80_NB4__DepSet_hcad39744__0.cpp"
T    711358   150555  1733388031   399507664  1733388031   399507664 "obj_dir/VFPU_PE_top__N80_NB4__DepSet_hcad39744__0__Slow.cpp"
T       674   150553  1733388031   388507664  1733388031   388507664 "obj_dir/VFPU_PE_top__N80_NB4__Slow.cpp"
T      3555   150544  1733388031   344507665  1733388031   344507665 "obj_dir/VFPU__2_power_X.h"
T    290683   150577  1733388031   553507661  1733388031   553507661 "obj_dir/VFPU__2_power_X__DepSet_h42ba05cd__0.cpp"
T      5205   150574  1733388031   520507661  1733388031   520507661 "obj_dir/VFPU__2_power_X__DepSet_h42ba05cd__0__Slow.cpp"
T    182111   150578  1733388031   553507661  1733388031   553507661 "obj_dir/VFPU__2_power_X__DepSet_h583e87df__0.cpp"
T   1163687   150575  1733388031   542507661  1733388031   542507661 "obj_dir/VFPU__2_power_X__DepSet_h583e87df__0__Slow.cpp"
T   1163687   150576  1733388031   542507661  1733388031   542507661 "obj_dir/VFPU__2_power_X__DepSet_h583e87df__1__Slow.cpp"
T       629   150573  1733388031   509507661  1733388031   509507661 "obj_dir/VFPU__2_power_X__Slow.cpp"
T      2094   150536  1733388031   344507665  1733388031   344507665 "obj_dir/VFPU__ConstPool_0.cpp"
T     23634   150534  1733388031   344507665  1733388031   344507665 "obj_dir/VFPU__Syms.cpp"
T      6863   150535  1733388031   344507665  1733388031   344507665 "obj_dir/VFPU__Syms.h"
T     29723   150540  1733388031   344507665  1733388031   344507665 "obj_dir/VFPU___024root.h"
T    530134   150552  1733388031   388507664  1733388031   388507664 "obj_dir/VFPU___024root__DepSet_ha7563f19__0.cpp"
T     34488   150550  1733388031   366507665  1733388031   366507665 "obj_dir/VFPU___024root__DepSet_ha7563f19__0__Slow.cpp"
T   1036321   150551  1733388031   366507665  1733388031   366507665 "obj_dir/VFPU___024root__DepSet_hc81a376f__0.cpp"
T   1398101   150549  1733388031   366507665  1733388031   366507665 "obj_dir/VFPU___024root__DepSet_hc81a376f__0__Slow.cpp"
T       620   150548  1733388031   344507665  1733388031   344507665 "obj_dir/VFPU___024root__Slow.cpp"
T       746   150539  1733388031   344507665  1733388031   344507665 "obj_dir/VFPU__pch.h"
T      2605   150615  1733388031   564507660  1733388031   564507660 "obj_dir/VFPU__ver.d"
T         0        0  1733388031   564507660  1733388031   564507660 "obj_dir/VFPU__verFiles.dat"
T      3145   150588  1733388031   564507660  1733388031   564507660 "obj_dir/VFPU_classes.mk"
T      3108   150545  1733388031   344507665  1733388031   344507665 "obj_dir/VFPU_csa_42_compress__O1b.h"
T      3524   150580  1733388031   553507661  1733388031   553507661 "obj_dir/VFPU_csa_42_compress__O1b__DepSet_h461c18cb__0__Slow.cpp"
T    443474   150581  1733388031   564507660  1733388031   564507660 "obj_dir/VFPU_csa_42_compress__O1b__DepSet_h69401ebd__0.cpp"
T       719   150579  1733388031   553507661  1733388031   553507661 "obj_dir/VFPU_csa_42_compress__O1b__Slow.cpp"
T      3192   150546  1733388031   344507665  1733388031   344507665 "obj_dir/VFPU_csa_42_compress__O1c.h"
T      3624   150583  1733388031   564507660  1733388031   564507660 "obj_dir/VFPU_csa_42_compress__O1c__DepSet_ha1f55967__0__Slow.cpp"
T    242837   150584  1733388031   564507660  1733388031   564507660 "obj_dir/VFPU_csa_42_compress__O1c__DepSet_hd6b95921__0.cpp"
T       719   150582  1733388031   564507660  1733388031   564507660 "obj_dir/VFPU_csa_42_compress__O1c__Slow.cpp"
T      3276   150547  1733388031   344507665  1733388031   344507665 "obj_dir/VFPU_csa_42_compress__O1d.h"
T    125817   150587  1733388031   564507660  1733388031   564507660 "obj_dir/VFPU_csa_42_compress__O1d__DepSet_h2c1f4b44__0.cpp"
T      3724   150586  1733388031   564507660  1733388031   564507660 "obj_dir/VFPU_csa_42_compress__O1d__DepSet_h8b534b04__0__Slow.cpp"
T       719   150585  1733388031   564507660  1733388031   564507660 "obj_dir/VFPU_csa_42_compress__O1d__Slow.cpp"
T      2279   150542  1733388031   344507665  1733388031   344507665 "obj_dir/VFPU_float_adder_2nd.h"
T      2778   150564  1733388031   498507662  1733388031   498507662 "obj_dir/VFPU_float_adder_2nd__DepSet_ha1a4bf79__0__Slow.cpp"
T    828422   150565  1733388031   498507662  1733388031   498507662 "obj_dir/VFPU_float_adder_2nd__DepSet_hd6c9b7cf__0.cpp"
T    801030   150562  1733388031   487507662  1733388031   487507662 "obj_dir/VFPU_float_adder_2nd__DepSet_hd6c9b7cf__0__Slow.cpp"
T    828422   150566  1733388031   509507661  1733388031   509507661 "obj_dir/VFPU_float_adder_2nd__DepSet_hd6c9b7cf__1.cpp"
T    801030   150563  1733388031   498507662  1733388031   498507662 "obj_dir/VFPU_float_adder_2nd__DepSet_hd6c9b7cf__1__Slow.cpp"
T       674   150561  1733388031   476507662  1733388031   476507662 "obj_dir/VFPU_float_adder_2nd__Slow.cpp"
T      3108   150543  1733388031   344507665  1733388031   344507665 "obj_dir/VFPU_log2_X.h"
T       710   150572  1733388031   476507662  1733388031   476507662 "obj_dir/VFPU_log2_X__DepSet_h29914ff0__0.cpp"
T    450498   150568  1733388031   443507663  1733388031   443507663 "obj_dir/VFPU_log2_X__DepSet_h29914ff0__0__Slow.cpp"
T   1379762   150569  1733388031   454507663  1733388031   454507663 "obj_dir/VFPU_log2_X__DepSet_h4edd4658__0.cpp"
T   1380452   150570  1733388031   476507662  1733388031   476507662 "obj_dir/VFPU_log2_X__DepSet_h4edd4658__1.cpp"
T    920141   150571  1733388031   476507662  1733388031   476507662 "obj_dir/VFPU_log2_X__DepSet_h4edd4658__2.cpp"
T       593   150567  1733388031   432507663  1733388031   432507663 "obj_dir/VFPU_log2_X__Slow.cpp"
